****************************************************************
AN OUTPUT FILE GENERATED FROM THE EKMAN SPIRAL FORTRAN PROGRAM
****************************************************************
 101
-10.0000000000,       0.0000000000,       0.0000000000     
 -9.8999996185,       0.0001693657,       0.0000002905     
 -9.7999992371,       0.0003387285,       0.0000022747     
 -9.6999988556,       0.0005080685,       0.0000076462     
 -9.5999984741,       0.0006773321,       0.0000180983     
 -9.4999980927,       0.0008464148,       0.0000353238     
 -9.3999977112,       0.0010151442,       0.0000610134     
 -9.2999973297,       0.0011832635,       0.0000968545     
 -9.1999969482,       0.0013504144,       0.0001445282     
 -9.0999965668,       0.0015161199,       0.0002057061     
 -8.9999961853,       0.0016797686,       0.0002820452     
 -8.8999958038,       0.0018405968,       0.0003751819     
 -8.7999954224,       0.0019976732,       0.0004867247     
 -8.6999950409,       0.0021498823,       0.0006182441     
 -8.5999946594,       0.0022959090,       0.0007712625     
 -8.4999942780,       0.0024342230,       0.0009472398     
 -8.3999938965,       0.0025630645,       0.0011475594     
 -8.2999935150,       0.0026804302,       0.0013735095     
 -8.1999931335,       0.0027840610,       0.0016262640     
 -8.0999927521,       0.0028714288,       0.0019068589     
 -7.9999928474,       0.0029397279,       0.0022161680     
 -7.8999929428,       0.0029858651,       0.0025548744     
 -7.7999930382,       0.0030064536,       0.0029234393     
 -7.6999931335,       0.0029978075,       0.0033220686     
 -7.5999932289,       0.0029559406,       0.0037506758     
 -7.4999933243,       0.0028765670,       0.0042088423     
 -7.3999934196,       0.0027551050,       0.0046957745     
 -7.2999935150,       0.0025866851,       0.0052102576     
 -7.1999936104,       0.0023661624,       0.0057506072     
 -7.0999937057,       0.0020881337,       0.0063146190     
 -6.9999938011,       0.0017469589,       0.0068995119     
 -6.8999938965,       0.0013367889,       0.0075018741     
 -6.7999939919,       0.0008516001,       0.0081176041     
 -6.6999940872,       0.0002852353,       0.0087418491     
 -6.5999941826,      -0.0003685480,       0.0093689477     
 -6.4999942780,      -0.0011160207,       0.0099923601     
 -6.3999943733,      -0.0019634170,       0.0106046125     
 -6.2999944687,      -0.0029168592,       0.0111972298     
 -6.1999945641,      -0.0039822739,       0.0117606791     
 -6.0999946594,      -0.0051652952,       0.0122843059     
 -5.9999947548,      -0.0064711599,       0.0127562797     
 -5.8999948502,      -0.0079045873,       0.0131635424     
 -5.7999949455,      -0.0094696516,       0.0134917609     
 -5.6999950409,      -0.0111696329,       0.0137252826     
 -5.5999951363,      -0.0130068669,       0.0138471080     
 -5.4999952316,      -0.0149825718,       0.0138388649     
 -5.3999953270,      -0.0170966648,       0.0136807952     
 -5.2999954224,      -0.0193475652,       0.0133517589     
 -5.1999955177,      -0.0217319839,       0.0128292469     
 -5.0999956131,      -0.0242446940,       0.0120894155     
 -4.9999957085,      -0.0268782973,       0.0111071365     
 -4.8999958038,      -0.0296229701,       0.0098560741     
 -4.7999958992,      -0.0324662030,       0.0083087813     
 -4.6999959946,      -0.0353925228,       0.0064368271     
 -4.5999960899,      -0.0383832119,       0.0042109475     
 -4.4999961853,      -0.0414160080,       0.0016012362     
 -4.3999962807,      -0.0444648191,      -0.0014226353     
 -4.2999963760,      -0.0474994071,      -0.0048911548     
 -4.1999964714,      -0.0504850857,      -0.0088346694     
 -4.0999965668,      -0.0533824190,      -0.0132830348     
 -3.9999966621,      -0.0561469272,      -0.0182652250     
 -3.8999967575,      -0.0587287843,      -0.0238088854     
 -3.7999968529,      -0.0610725582,      -0.0299398359     
 -3.6999969482,      -0.0631169304,      -0.0366815105     
 -3.5999970436,      -0.0647944883,      -0.0440543555     
 -3.4999971390,      -0.0660315007,      -0.0520751439     
 -3.3999972343,      -0.0667477623,      -0.0607562475     
 -3.2999973297,      -0.0668564662,      -0.0701048300     
 -3.1999974251,      -0.0662641227,      -0.0801219791     
 -3.0999975204,      -0.0648705587,      -0.0908017680     
 -2.9999976158,      -0.0625689775,      -0.1021302715     
 -2.8999977112,      -0.0592460930,      -0.1140844673     
 -2.7999978065,      -0.0547823682,      -0.1266311258     
 -2.6999979019,      -0.0490523279,      -0.1397255957     
 -2.5999979973,      -0.0419250280,      -0.1533105820     
 -2.4999980927,      -0.0332646221,      -0.1673148125     
 -2.3999981880,      -0.0229310691,      -0.1816516966     
 -2.2999982834,      -0.0107810004,      -0.1962178946     
 -2.1999983788,       0.0033312489,      -0.2108918875     
 -2.0999984741,       0.0195524171,      -0.2255325764     
 -1.9999984503,       0.0380289108,      -0.2399777323     
 -1.8999984264,       0.0589051843,      -0.2540426254     
 -1.7999984026,       0.0823218897,      -0.2675184906     
 -1.6999983788,       0.1084137782,      -0.2801711261     
 -1.5999983549,       0.1373073757,      -0.2917396128     
 -1.4999983311,       0.1691183597,      -0.3019350171     
 -1.3999983072,       0.2039487213,      -0.3104392588     
 -1.2999982834,       0.2418834716,      -0.3169040382     
 -1.1999982595,       0.2829872668,      -0.3209499717     
 -1.0999982357,       0.3273005784,      -0.3221660554     
 -0.9999982119,       0.3748355210,      -0.3201091290     
 -0.8999981880,       0.4255715609,      -0.3143038452     
 -0.7999981642,       0.4794506729,      -0.3042428792     
 -0.6999981403,       0.5363722444,      -0.2893874347     
 -0.5999981165,       0.5961877704,      -0.2691682875     
 -0.4999981225,       0.6586949825,      -0.2429872751     
 -0.3999981284,       0.7236320972,      -0.2102193087     
 -0.2999981344,       0.7906713486,      -0.1702150106     
 -0.1999981403,       0.8594127893,      -0.1223040074     
 -0.0999981388,       0.9293773770,      -0.0657988861     
  0.0000018626,       1.0000000000,       0.0000000000     
